22.8
22.8
22.8
22.8
23.2
22.8
22.8
23.2
22.8
22.8
22.8
23.2
23.2
22.8
22.8
23.2
22.8
22.8
23.2
22.8
22.8
23.2
22.8
22.8
22.8
22.8
23.2
23.2
23.2
23.2
23.2
23.2
23.2
23.2
23.2
23.2
23.2
23.2
23.2
23.2
23.2
23.2
23.6
23.6
23.6
23.2
23.6
23.6
23.6
23.6
23.6
23.6
24
23.6
23.6
23.6
23.6
24
23.6
24
23.6
24
24
24
24
24
24
24
24
24
24
24
24
24
24
24.4
24.4
24.4
24.4
24.4
24.4
24.4
24.4
24.4
24.4
24.4
24.4
24.4
24.4
24.4
24.8
24.8
24.4
24.8
24.4
24.8
24.8
24.8
24.8
24.8
24.8
24.8
24.8
24.8
24.8
24.8
24.8
25.2
25.2
24.8
25.2
25.2
25.2
25.2
25.2
25.2
25.2
25.2
25.2
25.2
25.2
25.2
25.2
25.6
25.2
25.2
25.6
25.2
25.6
25.6
25.6
25.6
25.6
25.6
25.6
25.6
25.6
25.6
25.6
25.6
25.6
25.6
25.6
25.6
25.6
25.6
25.6
26
25.6
25.6
26
26
26
26
26
26
25.6
26
26
26
26
26
26
26
26
26
26
26
26.4
26
26
26
26
26
26
26
26
26.4
26
26.4
26.4
26.4
26.4
26.4
26.4
26.4
26.4
26.4
26.4
26.4
26.4
26.4
26.4
26.4
26.4
26.4
26.4
26.4
26.4
26.8
26.4
26.4
26.8
26.4
26.4
26.8
26.4
26.4
26.8
26.8
26.8
26.8
26.8
26.8
26.8
26.8
27.2
26.8
26.8
26.8
26.8
26.8
26.8
26.8
26.8
26.8
26.8
26.8
26.8
26.8
26.8
26.8
26.8
26.8
26.8
26.8
27.2
27.2
26.8
27.2
26.8
27.2
27.2
27.2
26.8
27.2
27.2
27.2
27.2
27.2
27.2
27.2
27.2
27.2
27.2
27.2
27.2
27.2
27.6
27.2
27.2
27.2
27.2
27.2
27.6
27.6
27.2
27.2
27.2
27.6
27.2
27.6
27.2
27.6
27.2
27.2
27.2
27.6
27.6
27.6
27.6
27.6
27.6
27.6
27.6
27.6
27.6
27.6
27.6
27.6
27.6
27.6
27.6
27.6
27.6
27.6
27.6
27.6
27.6
27.6
27.6
27.6
27.6
27.6
27.6
27.6
27.6
27.2
27.6
27.6
27.6
27.6
27.6
27.6
27.6
27.6
27.6
27.6
27.6
27.6
27.6
27.6
27.6
27.6
27.6
27.6
27.6
27.6
27.6
27.2
27.6
27.6
27.2
27.6
27.2
27.6
27.6
27.6
27.6
27.6
27.6
27.6
27.6
27.6
27.6
27.6
27.6
27.6
27.6
27.6
27.6
27.6
27.6
27.6
27.6
27.6
27.6
27.6
27.6
27.6
27.2
27.6
27.6
27.2
27.6
27.6
27.2
27.6
27.2
27.6
27.2
27.2
27.2
27.2
27.2
27.2
27.2
27.2
27.2
27.2
27.2
27.2
27.2
27.2
27.2
27.2
27.2
27.2
27.2
27.2
26.8
27.2
26.8
26.8
27.2
27.2
27.2
26.8
26.8
27.2
27.2
26.8
26.8
26.8
26.8
26.8
26.8
26.8
26.8
26.8
26.8
26.8
26.8
26.8
26.8
26.8
26.8
26.8
26.8
26.8
26.8
26.8
26.8
26.8
26.8
26.4
26.8
26.4
26.8
26.8
26.4
26.4
26.4
26.4
26.4
26.4
26.4
26.4
26.4
26.4
26.4
26.4
26.4
26.4
26.4
26.4
26.4
26.4
26.4
26.4
26.4
26.4
26
26.4
26.4
26.4
26.4
26.4
26
26
26.4
26
26.4
26
26
26
26
26
26
26
26
26
26
26
26
26
26
26
26
26
26
26
26
26
26
26
26
26
26
26
25.6
26
25.6
26
26
25.6
25.6
25.6
26
25.6
25.6
25.6
25.6
25.6
25.6
25.6
25.6
26
25.6
25.6
25.6
25.6
25.6
25.6
25.6
26
25.6
25.6
25.6
25.6
25.6
25.6
25.6
25.6
25.6
24.8
24.8
24.8
24.8
24.8
24.8
24.8
24.8
24.8
24.8
24.8
24.8
24.8
24.8
24.4
24.4
24.8
24.8
24.4
24.8
24.4
24.8
24.8
24.8
24.4
24.4
24.8
24.8
24.4
24.8
24.4
24.8
24.4
24.8
24.8
24.4
24.4
24.8
24.4
24.4
24.4
24.4
24.4
24.4
24.4
24.4
24.4
24.4
24.4
24.4
24.4
24.4
24.4
24.4
24.4
24.4
24.4
24.4
24.4
24.4
24.4
24.4
24.4
24.4
24.4
24.4
